0 0 -60
0 1 -60
0 2 -60
0 3 -60
0 4 -60
0 5 -60
0 6 -60
0 -1 -60
0 -2 -60
0 -3 -60
0 -4 -60
0 -5 -60
0 -6 -60
1 0 -60
2 0 -60
3 0 -60
4 0 -60
5 0 -60
6 0 -60
-1 0 -60
-2 0 -60
-3 0 -60
-4 0 -60
-5 0 -60
-6 0 -60
-1 -3 -60
-2 -3 -60
-3 -3 -60
-1 -6 -60
-2 -6 -60
-3 -6 -60
-4 -6 -60
-5 -6 -60
-6 -6 -60
-1 3 -60
-2 3 -60
-3 3 -60
1 -3 -60
2 -3 -60
3 -3 -60
-1 6 -60
-2 6 -60
-3 6 -60
-4 6 -60
-5 6 -60
-6 6 -60
1 -6 -60
2 -6 -60
3 -6 -60
4 -6 -60
5 -6 -60
6 -6 -60
1 3 -60
2 3 -60
3 3 -60
1 6 -60
2 6 -60
3 6 -60
4 6 -60
5 6 -60
6 6 -60
3 2 -60
3 1 -60
3 -2 -60
3 -1 -60
-3 2 -60
-3 1 -60
-3 -2 -60
-3 -1 -60
