64 240
0 0.5 0 0 1 0
0 0.404509 -0.293893 0 0.780444 -0.625226
-0.172746 0.404509 -0.237764 -0.367498 0.780444 -0.505818
0 0.5 0 0 1 0
-0.279508 0.404509 -0.090818 -0.594625 0.780444 -0.193205
0 0.5 0 0 1 0
-0.279509 0.404509 0.090818 -0.594625 0.780444 0.193205
0 0.5 0 0 1 0
-0.172746 0.404509 0.237764 -0.367498 0.780444 0.505818
0 0.5 0 0 1 0
0 0.404509 0.293893 0 0.780444 0.625226
0 0.5 0 0 1 0
0.172746 0.404509 0.237764 0.367499 0.780444 0.505818
0 0.5 0 0 1 0
0.279509 0.404509 0.090818 0.594625 0.780444 0.193205
0 0.5 0 0 1 0
0.279508 0.404509 -0.090818 0.594625 0.780444 -0.193206
0 0.5 0 0 1 0
0.172745 0.404509 -0.237764 0.367498 0.780444 -0.505818
0 0.5 0 0 1 0
0 0.404509 -0.293893 0 0.780444 -0.625226
0 0.154508 -0.475528 0 0.292481 -0.956271
-0.279508 0.154508 -0.38471 -0.562082 0.292481 -0.77364
-0.452254 0.154508 -0.146946 -0.909468 0.292481 -0.295504
-0.452254 0.154508 0.146946 -0.909468 0.292481 0.295504
-0.279509 0.154508 0.38471 -0.562082 0.292481 0.77364
0 0.154508 0.475528 0 0.292481 0.956271
0.279509 0.154508 0.38471 0.562082 0.292481 0.77364
0.452254 0.154508 0.146946 0.909468 0.292481 0.295504
0.452254 0.154508 -0.146947 0.909468 0.292481 -0.295505
0.279508 0.154508 -0.384711 0.562082 0.292481 -0.77364
0 0.154508 -0.475528 0 0.292481 -0.956271
0 -0.154509 -0.475528 0 -0.292481 -0.956271
-0.279508 -0.154509 -0.38471 -0.562082 -0.292481 -0.77364
-0.452254 -0.154509 -0.146946 -0.909468 -0.292481 -0.295504
-0.452254 -0.154509 0.146946 -0.909468 -0.292481 0.295504
-0.279509 -0.154509 0.38471 -0.562082 -0.292481 0.77364
0 -0.154509 0.475528 0 -0.292481 0.956271
0.279509 -0.154509 0.38471 0.562082 -0.292481 0.77364
0.452254 -0.154509 0.146946 0.909468 -0.292481 0.295504
0.452254 -0.154509 -0.146947 0.909468 -0.292481 -0.295505
0.279508 -0.154509 -0.384711 0.562082 -0.292481 -0.77364
0 -0.154509 -0.475528 0 -0.292481 -0.956271
0 -0.404509 -0.293893 0 -0.780444 -0.625226
-0.172746 -0.404509 -0.237764 -0.367498 -0.780444 -0.505818
-0.279508 -0.404509 -0.090818 -0.594625 -0.780444 -0.193205
-0.279508 -0.404509 0.090818 -0.594625 -0.780444 0.193205
-0.172746 -0.404509 0.237764 -0.367499 -0.780444 0.505818
0 -0.404509 0.293893 0 -0.780444 0.625226
0.172746 -0.404509 0.237764 0.367499 -0.780444 0.505818
0.279509 -0.404509 0.090818 0.594625 -0.780444 0.193205
0.279508 -0.404509 -0.090818 0.594625 -0.780444 -0.193206
0.172745 -0.404509 -0.237764 0.367498 -0.780444 -0.505818
0 -0.404509 -0.293893 0 -0.780444 -0.625226
0 -0.5 0 0 -1 0
0 -0.5 0 0 -1 0
0 -0.5 0 0 -1 0
0 -0.5 0 0 -1 0
0 -0.5 0 0 -1 0
0 -0.5 0 0 -1 0
0 -0.5 0 0 -1 0
0 -0.5 0 0 -1 0
0 -0.5 0 0 -1 0
0 -0.5 0 0 -1 0
2
1
0
4
2
3
6
4
5
8
6
7
10
8
9
12
10
11
14
12
13
16
14
15
18
16
17
20
18
19
22
21
1
2
22
1
23
22
2
4
23
2
24
23
4
6
24
4
25
24
6
8
25
6
26
25
8
10
26
8
27
26
10
12
27
10
28
27
12
14
28
12
29
28
14
16
29
14
30
29
16
18
30
16
31
30
18
20
31
18
33
32
21
22
33
21
34
33
22
23
34
22
35
34
23
24
35
23
36
35
24
25
36
24
37
36
25
26
37
25
38
37
26
27
38
26
39
38
27
28
39
27
40
39
28
29
40
28
41
40
29
30
41
29
42
41
30
31
42
30
44
43
32
33
44
32
45
44
33
34
45
33
46
45
34
35
46
34
47
46
35
36
47
35
48
47
36
37
48
36
49
48
37
38
49
37
50
49
38
39
50
38
51
50
39
40
51
39
52
51
40
41
52
40
53
52
41
42
53
41
43
44
54
44
45
55
45
46
56
46
47
57
47
48
58
48
49
59
49
50
60
50
51
61
51
52
62
52
53
63
